aggr_lv,exp_need,exp_totle,gold_need,aggr_value,colour,aggr_des,player_lv
0,20,20,5,2,0,1,1
1,30,50,5,4,0,2,2
2,40,90,5,6,0,3,3
3,50,140,5,8,0,4,4
4,50,190,5,10,0,5,5
5,70,260,5,12,0,6,6
6,80,340,5,14,0,7,7
7,90,430,5,16,0,8,8
8,100,530,5,18,0,9,9
9,120,650,5,20,0,10,10
10,140,790,5,22,0,11,11
11,150,940,5,24,0,12,12
12,170,1110,5,26,0,13,13
13,180,1290,5,28,0,14,14
14,200,1490,5,30,0,15,15
15,230,1720,5,32,0,16,16
16,250,1970,5,34,0,17,17
17,270,2240,5,36,0,18,18
18,290,2530,5,38,0,19,19
19,310,2840,5,40,0,20,20
20,320,3160,5,42,0,21,21
21,360,3520,5,44,0,22,22
22,410,3930,5,46,0,23,23
23,460,4390,5,48,0,24,24
24,520,4910,5,50,0,25,25
25,580,5490,5,52,0,26,26
26,650,6140,5,54,0,27,27
27,720,6860,5,56,0,28,28
28,870,7730,5,58,0,29,29
29,1040,8770,5,60,0,30,30
30,1240,10010,5,62,0,31,31
31,1460,11470,5,64,0,32,32
32,1710,13180,5,66,0,33,33
33,1980,15160,5,68,0,34,34
34,2540,17700,5,70,0,35,35
35,2910,20610,5,72,0,36,36
36,3310,23920,5,74,0,37,37
37,3750,27670,5,76,0,38,38
38,4240,31910,5,78,0,39,39
39,4990,36900,5,80,0,40,40
40,5810,42710,5,82,0,41,41
41,6730,49440,5,84,0,42,42
42,7730,57170,5,86,0,43,43
43,8830,66000,5,88,0,44,44
44,10020,76020,5,90,0,45,45
45,10960,86980,5,92,0,46,46
46,11950,98930,5,94,0,47,47
47,12990,111920,5,96,0,48,48
48,14070,125990,5,98,0,49,49
49,15200,141190,5,100,0,50,50
50,16380,157570,5,103,0,51,51
51,17620,175190,5,106,0,52,52
52,18910,194100,5,109,0,53,53
53,20250,214350,5,112,0,54,54
54,21650,236000,5,115,0,55,55
55,23100,259100,5,118,0,56,56
56,24620,283720,5,121,0,57,57
57,26190,309910,5,124,0,58,58
58,27820,337730,5,127,0,59,59
59,29520,367250,5,130,0,60,60
60,29670,396920,5,134,0,61,61
61,29820,426740,5,138,0,62,62
62,29970,456710,5,142,0,63,63
63,30120,486830,5,146,0,64,64
64,30270,517100,5,150,0,65,65
65,30420,547520,5,154,0,66,66
66,30580,578100,5,158,0,67,67
67,30730,608830,5,162,0,68,68
68,30880,639710,5,166,0,69,69
69,31030,670740,5,170,0,70,70
70,31180,701920,5,175,0,71,71
71,31330,733250,5,180,0,72,72
72,31480,764730,5,185,0,73,73
73,31640,796370,5,190,0,74,74
74,31790,828160,5,195,0,75,75
75,31940,860100,5,200,0,76,76
76,32090,892190,5,205,0,77,77
77,32240,924430,5,210,0,78,78
78,32390,956820,5,215,0,79,79
79,32540,989360,5,220,0,80,80
80,32690,1022050,5,225,0,81,81
81,32850,1054900,5,230,0,82,82
82,33000,1087900,5,235,0,83,83
83,33150,1121050,5,240,0,84,84
84,33300,1154350,5,245,0,85,85
85,33450,1187800,5,250,0,86,86
86,33600,1221400,5,255,0,87,87
87,33750,1255150,5,260,0,88,88
88,33910,1289060,5,265,0,89,89
89,34060,1323120,5,270,0,90,90
90,34210,1357330,5,275,0,91,91
91,34360,1391690,5,280,0,92,92
92,34510,1426200,5,285,0,93,93
93,34660,1460860,5,290,0,94,94
94,34810,1495670,5,295,0,95,95
95,34970,1530640,5,300,0,96,96
96,35120,1565760,5,305,0,97,97
97,35270,1601030,5,310,0,98,98
98,35420,1636450,5,315,0,99,99
99,47430,1683880,5,320,0,100,100
